160
582
124
491
35
417
93
455
16
418
118
505
10
499
12
462
122
476
89
551
148
531
1
542
81
576
131
469
111
504
142
422
45
597
112
520
147
489
102
557
95
522
72
463
13
435
33
532
19
531
13
573
81
598
105
516
2
532
22
449
51
438
60
449
160
439
81
491
35
448
62
563
32
409
26
539
33
413
129
574
25
492
143
415
66
431
74
560
158
505
99
519
134
442
33
529
34
447
42
509
122
550
85
457
171
523
7
427
125
503
123
428
159
408
20
483
98
502
30
412
139
452
138
520
170
498
55
501
174
496
148
522
21
569
171
497
164
438
86
559
115
406
21
492
62
486
107
468
79
504
29
458
43
505
146
429
100
531
40
533
41
560
154
443
168
506
106
486
82
557
26
420
90
503
135
557
132
455
56
536
128
588
140
581
131
475
62
444
17
557
164
400
85
578
21
474
55
479
22
574
2
596
151
416
52
515
52
522
105
426
119
449
171
486
28
483
164
401
55
555
93
434
124
419
141
568
134
477
21
407
50
525
170
576
78
422
118
481
44
454
154
550
45
588
3
576
134
463
121
578
18
585
81
523
164
539
91
430
109
555
12
433
114
573
10
457
125
405
122
463
88
460
178
552
9
542
77
532
163
402
141
440
77
576
170
593
53
557
43
405
155
417
144
453
75
456
22
552
145
518
74
504
38
421
4
484
38
571
18
511
96
559
98
429
7
489
156
578
94
570
61
418
42
554
27
440
113
400
28
507
15
524
33
552
152
440
93
538
63
557
74
448
174
452
170
409
119
454
59
565
174
417
70
555
121
436
112
488
86
497
84
543
38
562
26
544
86
556
152
450
74
581
52
500
103
479
122
589
10
564
33
410
11
424
158
482
55
506
148
452
25
521
96
537
42
567
101
467
112
405
68
476
152
445
168
538
176
516
64
435
72
471
78
484
69
461
92
486
107
502
131
459
45
473
76
416
82
511
154
411
121
519
164
472
157
573
151
513
48
431
80
452
159
556
114
417
61
579
85
557
157
458
47
556
32
421
54
569
45
437
35
504
163
461
152
513
130
483
61
509
134
413
40
583
84
521
30
435
167
574
32
499
93
522
97
510
2
521
114
481
50
523
88
422
4
533
72
446
150
506
128
442
170
429
114
441
51
498
51
530
89
446
124
453
60
524
12
541
28
468
37
475
145
488
35
505
41
487
84
422
48
523
13
520
25
539
51
501
144
454
117
441
21
401
53
563
124
439
128
446
123
585
178
536
44
503
40
534
139
438
128
441
107
576
52
405
144
578
25
434
94
510
163
568
111
489
65
580
7
525
6
566
22
480
162
507
135
501
23
522
142
419
32
456
149
477
50
466
79
572
171
422
64
596
79
579
136
423
31
497
146
559
128
579
108
401
152
569
114
518
77
513
100
443
161
588
115
464
99
557
77
564
79
577
91
426
37
498
52
427
14
585
47
428
106
489
167
428
62
594
35
465
37
410
177
492
87
553
93
511
23
491
31
526
80
400
135
497
75
514
77
494
116
537
35
481
66
530
24
463
114
426
123
593
87
477
114
526
107
493
43
412
177
544
148
592
163
513
58
431
76
540
22
513
78
475
59
576
149
400
156
551
3
530
137
521
133
402
1
493
117
544
67
474
113
488
23
421
157
461
93
434
133
499
83
436
144
558
62
557
75
477
30
552
53
579
18
493
95
405
142
432
67
541
110
448
165
527
72
492
65
572
15
591
73
412
162
485
57
560
97
545
4
539
92
407
106
406
81
517
95
492
103
577
162
600
171
530
131
403
102
572
45
484
177
400
142
516
109
590
116
421
98
541
23
411
43
561
77
558
9
459
156
562
13
556
18
438
5
492
109
424
104
476
33
566
86
556
45
588
117
480
35
571
81
439
100
518
45
413
4
510
2
545
173
518
154
522
156
593
76
520
13
537
128
489
112
484
155
440
124
416
23
471
78
553
164
472
118
409
92
508
40
528
23
546
150
451
141
481
168
520
1
468
68
426
97
404
34
542
41
547
154
422
145
538
62
463
35
431
115
545
70
588
40
445
93
418
10
502
144
511
72
430
125
445
106
497
49
489
84
503
14
580
17
510
47
490
28
424
101
434
161
575
29
429
98
422
37
533
12
510
122
456
90
448
106
535
78
587
94
420
136
518
130
585
79
414
75
576
150
552
158
568
80
417
105
450
61
448
57
568
103
530
66
441
167
571
109
408
108
404
8
492
23
570
143
545
114
479
30
511
46
419
14
458
22
563
92
558
34
592
91
473
170
557
44
583
167
437
56
465
149
565
53
500
121
403
157
432
132
533
97
495
150
572
126
457
140
587
166
552
88
566
131
533
44
599
49
463
32
423
174
499
145
519
38
518
141
424
158
444
159
553
151
450
4
505
58
404
72
559
167
473
29
540
95
414
72
474
21
420
66
415
132
562
56
401
8
556
38
576
88
492
168
460
158
490
16
480
102
573
132
464
102
546
109
470
157
477
41
475
52
461
109
549
170
484
55
557
120
519
36
450
155
578
17
495
29
588
2
596
121
569
135
568
67
519
121
457
150
435
119
490
10
406
3
537
117
402
178
498
60
420
87
565
111
470
96
436
62
443
67
472
112
493
51
430
31
581
26
414
73
506
85
415
16
519
155
526
120
423
144
472
20
427
29
410
37
597
12
548
77
415
62
599
132
458
23
444
6
457
63
589
77
538
76
561
86
416
28
440
118
505
45
436
97
598
89
415
22
518
134
479
86
455
20
515
15
576
139
418
116
476
90
514
61
591
68
538
125
530
100
456
78
588
147
550
11
588
54
514
8
598
108
520
61
554
160
536
109
437
159
552
112
404
46
534
77
540
22
465
9
472
149
494
24
483
167
470
155
467
70
600
14
495
128
435
129
526
5
578
110
509
151
492
32
503
114
453
43
415
102
438
24
420
90
478
9
550
83
409
57
517
1
418
19
546
2
547
146
554
171
472
44
567
171
560
13
445
6
408
115
504
151
437
144
501
149
518
79
428
34
409
126
502
145
509
69
575
22
514
155
461
58
570
164
566
22
412
23
563
158
552
94
433
51
471
158
557
115
538
128
546
78
539
104
546
3
465
108
511
121
411
115
594
102
443
108
507
68
526
14
552
118
502
3
465
3
449
80
446
29
404
125
474
168
472
103
597
171
515
60
596
33
582
124
478
45
456
176
565
57
481
1
568
148
566
17
478
104
448
21
502
107
559
11
486
143
514
13
465
173
444
17
405
113
518
35
460
15
444
131
494
165
436
9
470
155
417
78
432
103
590
37
532
135
443
58
425
83
456
50
501
47
476
86
472
114
479
153
576
114
413
12
588
5
570
69
407
156
444
108
487
69
546
2
459
88
582
4
421
145
485
72
492
93
454
136
413
70
401
51
488
167
400
163
542
47
503
35
450
49
410
84
412
5
500
17
497
84
433
89
552
167
503
171
491
108
441
15
440
82
569
173
447
105
541
109
525
130
510
20
549
113
521
107
581
70
578
94
520
19
477
4
524
67
461
11
417
18
425
47
513
84
525
154
512
48
518
99
434
77
436
145
568
83
562
135
525
99
466
157
402
104
537
167
412
177
511
86
520
138
519
170
516
146
588
59
584
58
491
159
499
16
545
106
416
63
442
161
414
162
442
75
451
29
559
44
579
151
567
92
574
116
496
178
483
13
489
42
570
3
483
69
504
93
590
63
558
148
456
96
417
117
580
43
548
114
540
119
514
23
451
66
589
140
487
145
561
70
478
7
436
39
599
89
488
7
427
157
578
158
525
152
556
38
523
175
519
39
481
119
427
81
553
116
581
3
513
126
502
21
409
77
573
6
479
107
416
23
491
147
428
36
577
166
464
122
576
32
417
77
519
140
527
167
408
50
529
89
582
21
465
1
408
161
595
40
470
14
544
105
448
63
485
177
598
161
565
47
517
123
576
15
584
51
594
177
424
19
516
91
564
147
416
47
500
175
470
54
484
6
599
170
500
2
420
92
410
96
530
28
558
162
533
116
470
59
508
165
486
163
409
104
491
137
571
46
510
17
582
3
498
44
459
140
416
104
459
127
540
47
563
28
549
82
418
116
443
45
504
44
432
91
464
89
505
82
498
153
598
155
504
74
547
93
438
46
447
38
499
87
461
172
465
2
569
106
544
122
468
162
455
56
572
158
432
173
424
67
526
168
424
92
570
27
431
142
594
166
552
155
447
146
501
134
591
62
468
135
589
89
453
168
459
94
563
98
477
46
403
135
489
62
522
146
582
175
558
33
405
89
522
96
574
129
477
56
500
134
573
57
429
23
512
129
492
24
457
1
434
71
510
63
563
37
597
37
506
32
593
41
578
157
457
129
402
7
521
88
456
107
401
56
496
163
452
87
461
27
573
115
508
28
443
20
486
121
410
16
462
131
555
137
428
78
536
122
561
6
598
20
519
89
423
73
516
79
427
122
491
118
412
11
569
130
490
3
494
138
511
168
593
17
536
42
513
75
493
94
541
52
412
119
547
155
478
175
414
