80 68 75 60 95 32 34 54 11 75 
10 38 78 57 90 65 61 69 48 94 
89 87 17 30 24 39 79 96 100 99 
22 36 75 82 34 4 14 82 8 55 
82 24 10 72 27 20 96 62 35 71 
39 28 41 87 50 58 59 60 71 25 
24 14 26 68 91 72 11 68 22 1 
1 79 87 42 10 75 88 93 58 75 
62 20 73 86 53 44 64 11 25 100 
40 35 69 23 80 62 12 92 98 76 
91 30 95 90 23 50 69 100 26 30 
31 64 61 39 1 74 83 75 5 73 
22 57 4 52 6 61 62 99 83 11 
62 94 53 57 48 99 1 74 24 93 
82 60 39 28 35 98 36 86 36 11 
34 6 42 84 100 24 88 60 5 72 
84 21 58 46 89 43 53 8 45 7 
19 48 40 82 88 63 49 43 100 53 
67 87 37 70 16 91 48 81 53 48 
68 15 93 68 9 37 45 82 61 20 
93 9 2 25 67 97 95 67 39 37 
79 12 48 49 81 73 42 49 22 27 
26 83 96 38 49 100 77 73 25 31 
70 20 5 62 42 82 44 98 97 45 
3 81 68 41 60 14 96 31 72 12 
16 29 92 66 80 96 71 82 20 68 
88 96 45 25 21 59 56 31 11 12 
21 83 87 20 37 58 2 46 86 91 
48 13 69 50 42 16 78 24 83 45 
74 86 24 31 38 56 62 89 85 36 
47 60 61 4 83 84 9 19 27 3 
99 38 61 7 26 58 22 31 2 31 
99 76 67 25 59 98 84 79 48 97 
66 90 37 21 32 69 24 48 57 5 
5 8 61 79 38 31 100 26 81 18 
81 67 23 58 99 69 33 32 31 41 
90 31 89 23 15 71 56 53 53 47 
41 77 83 52 53 23 3 94 98 52 
48 73 8 67 2 62 100 49 75 54 
40 64 49 48 32 13 90 21 3 53 
35 23 4 18 83 81 54 45 73 91 
47 83 53 43 63 57 89 92 6 80 
27 28 70 83 61 55 72 92 5 57 
99 30 37 27 17 66 57 54 75 51 
81 11 18 80 53 88 74 9 62 35 
77 13 19 21 42 9 57 24 45 9 
33 36 63 87 25 64 13 65 82 64 
77 35 7 60 22 29 87 35 72 35 
4 40 61 36 81 34 81 22 48 6 
85 26 46 55 62 91 37 22 70 53 
99 19 3 64 9 91 82 31 22 12 
99 65 90 100 69 20 37 48 77 95 
86 1 50 46 72 35 63 55 1 92 
2 11 66 43 39 94 48 91 30 43 
50 69 44 99 16 1 43 75 13 22 
27 67 96 92 49 20 68 14 98 91 
64 77 60 14 32 37 65 89 89 53 
2 41 76 28 89 31 25 92 21 57 
49 51 87 11 91 27 97 17 56 70 
37 59 17 8 41 30 62 44 52 19 
55 4 49 51 6 11 83 74 33 60 
21 83 87 46 36 14 15 16 59 11 
78 50 8 4 84 43 100 43 63 91 
49 6 87 40 94 29 85 64 17 57 
26 44 45 21 1 22 64 11 34 82 
37 52 62 15 10 100 90 73 5 29 
54 7 70 50 92 87 48 97 82 47 
100 57 61 41 92 38 26 58 37 60 
81 40 67 44 73 72 16 65 65 22 
54 82 27 51 20 60 43 34 45 32 
5 92 24 57 96 92 19 95 53 80 
54 78 49 70 89 15 52 70 79 26 
56 71 88 33 82 1 14 99 70 58 
66 13 57 99 73 22 46 29 43 23 
68 68 50 68 45 56 94 25 30 84 
5 6 85 64 12 66 41 4 79 14 
87 66 61 5 69 78 96 47 26 60 
56 42 52 37 47 45 91 73 100 48 
97 87 25 69 70 26 6 90 34 13 
91 14 31 35 32 4 70 65 43 47 
17 15 54 70 88 53 82 97 64 72 
67 39 68 60 53 93 70 35 99 82 
96 76 19 15 80 45 46 36 26 59 
50 11 80 13 86 60 94 28 97 66 
11 45 93 57 7 43 2 32 76 72 
9 98 15 26 34 35 46 96 16 44 
66 38 82 45 63 8 61 28 73 78 
68 43 39 93 75 81 39 6 65 53 
73 91 29 40 79 50 69 87 40 96 
34 46 71 3 21 56 75 20 48 7 
36 47 79 89 80 39 53 100 22 65 
32 35 63 44 83 13 78 54 99 60 
76 62 10 52 77 20 21 36 91 87 
18 11 17 47 97 17 80 96 82 78 
67 12 91 31 30 60 60 69 82 61 
46 99 14 63 33 62 51 97 80 36 
30 14 97 42 16 89 60 8 93 93 
62 30 40 60 57 46 85 57 40 33 
92 98 48 100 24 83 23 40 57 65 
47 20 70 88 73 26 22 73 21 9 
